%YAML:1.0

#--------------------------------------------------------------------------------------------
# Camera Parameters. Adjust them!
#--------------------------------------------------------------------------------------------

# Camera calibration and distortion parameters (OpenCV) 
Camera.fx: 642.709106
Camera.fy: 642.175110
Camera.cx: 637.593262
Camera.cy: 397.153168

Camera.k1: -0.057162
Camera.k2: 0.065324
Camera.p1: -0.000366
Camera.p2: -0.001258
Camera.k3: -0.021140

Camera.width: 1280
Camera.height: 800

# Camera frames per second 
Camera.fps: 20.0

# stereo baseline times fx
Camera.bf: 47.90639384423901

# Color order of the images (0: BGR, 1: RGB. It is ignored if images are grayscale)
Camera.RGB: 1

# Close/Far threshold. Baseline times.
ThDepth: 30

#--------------------------------------------------------------------------------------------
# Stereo Rectification. Only if you need to pre-rectify the images.
# Camera.fx, .fy, etc must be the same as in LEFT.P
#--------------------------------------------------------------------------------------------
LEFT.height: 800
LEFT.width: 1280
LEFT.D: !!opencv-matrix
   rows: 1
   cols: 5
   dt: d
   data:[-0.057162, 0.065324, -0.000366, -0.001258, -0.021140]
LEFT.K: !!opencv-matrix
   rows: 3
   cols: 3
   dt: d
   data: [642.709106, 0.0, 637.593262, 0.0, 642.175110, 397.153168, 0.0, 0.0, 1.0]
LEFT.R:  !!opencv-matrix
   rows: 3
   cols: 3
   dt: d
   data: [0.999996, -0.002468, 0.001441, 0.002468, 0.999997, -0.000139, -0.001441, 0.000143, 0.999999]
LEFT.P:  !!opencv-matrix
   rows: 3
   cols: 4
   dt: d
   data: [641.7877632730341, -1.4950302371420001, 638.518768228484, -31942.727628640238, 643.152715318184, 395.567088369016, 0.870170043158, -32081.341692165974,  -0.001441, 0.000143, 0.999999, 0.173917]

RIGHT.height: 800
RIGHT.width: 1280
RIGHT.D: !!opencv-matrix
   rows: 1
   cols: 5
   dt: d
   data:[-0.058557, 0.066780, -0.000240, -0.001564, -0.021530]
RIGHT.K: !!opencv-matrix
   rows: 3
   cols: 3
   dt: d
   data: [641.547974, 0.0, 644.422241, 0.0, 641.016235, 399.252838, 0.0, 0.0, 1]
RIGHT.R:  !!opencv-matrix
   rows: 3
   cols: 3
   dt: d
   data: [0.999996, -0.002468, 0.001441, 0.002468, 0.999997, -0.000139, -0.001441, 0.000143, 0.999999]
RIGHT.P:  !!opencv-matrix
   rows: 3
   cols: 4
   dt: d
   data: [640.616795358823, -1.491188019369, 645.3460672082929, 31883.63120584271, 641.9990269392441, 397.66921292066803, 0.8682082501530001, 32023.83288514766, -0.001441, 0.000143, 0.999999, -0.173917]


#--------------------------------------------------------------------------------------------
# ORB Parameters
#--------------------------------------------------------------------------------------------

# ORB Extractor: Number of features per image
ORBextractor.nFeatures: 2000

# ORB Extractor: Scale factor between levels in the scale pyramid 	
ORBextractor.scaleFactor: 1.2

# ORB Extractor: Number of levels in the scale pyramid	
ORBextractor.nLevels: 8

# ORB Extractor: Fast threshold
# Image is divided in a grid. At each cell FAST are extracted imposing a minimum response.
# Firstly we impose iniThFAST. If no corners are detected we impose a lower value minThFAST
# You can lower these values if your images have low contrast			
ORBextractor.iniThFAST: 20
ORBextractor.minThFAST: 7

#--------------------------------------------------------------------------------------------
# Viewer Parameters
#--------------------------------------------------------------------------------------------
Viewer.KeyFrameSize: 0.6
Viewer.KeyFrameLineWidth: 2
Viewer.GraphLineWidth: 1
Viewer.PointSize:2
Viewer.CameraSize: 0.7
Viewer.CameraLineWidth: 3
Viewer.ViewpointX: 0
Viewer.ViewpointY: -100
Viewer.ViewpointZ: -0.1
Viewer.ViewpointF: 2000

